# unix_time, cycles_done, cur_path, paths_total, pending_total, pending_favs, map_size, unique_crashes, unique_hangs, max_depth, execs_per_sec
1481129188, 0, 0, 2, 2, 1, 1.00%, 0, 0, 1, 2000.00
1481129193, 0, 1, 55, 55, 1, 1.42%, 0, 0, 2, 2898.92
1481129209, 0, 1, 152, 152, 1, 1.77%, 0, 0, 2, 2882.49
1481129214, 0, 1, 202, 202, 1, 1.85%, 0, 0, 2, 2923.15
1481129234, 0, 1, 216, 216, 1, 2.00%, 0, 0, 2, 2987.71
1481129239, 0, 1, 225, 225, 1, 2.01%, 0, 0, 2, 2973.49
1481129254, 0, 1, 228, 228, 1, 2.02%, 0, 0, 2, 3141.23
1481129264, 0, 1, 245, 245, 1, 2.03%, 0, 0, 2, 3175.28
1481129269, 0, 1, 246, 246, 1, 2.04%, 0, 0, 2, 3147.39
1481129274, 0, 1, 254, 254, 1, 2.05%, 0, 0, 2, 3062.65
1481129279, 0, 1, 258, 258, 1, 2.06%, 0, 0, 2, 3010.45
1481129284, 0, 1, 261, 261, 1, 2.06%, 0, 0, 2, 3059.91
1481129289, 0, 1, 262, 262, 1, 2.06%, 0, 0, 2, 2870.80
1481129300, 0, 1, 267, 267, 1, 2.07%, 0, 0, 2, 2816.43
1481129310, 0, 1, 267, 267, 1, 2.07%, 0, 2, 2, 2143.47
1481129330, 0, 1, 268, 268, 1, 2.07%, 0, 2, 2, 2010.26
1481129335, 0, 1, 269, 269, 1, 2.07%, 0, 2, 2, 1788.50
1481129340, 0, 1, 269, 269, 1, 2.07%, 0, 3, 2, 1689.85
1481129345, 0, 1, 269, 269, 1, 2.07%, 0, 8, 2, 1406.44
1481129350, 0, 1, 269, 269, 1, 2.07%, 0, 10, 2, 170.91
1481129356, 0, 1, 269, 269, 1, 2.07%, 0, 13, 2, 1163.74
1481129361, 0, 1, 269, 269, 1, 2.07%, 0, 15, 2, 1165.04
1481129366, 0, 1, 269, 269, 1, 2.07%, 0, 17, 2, 1062.04
1481129371, 0, 1, 270, 270, 1, 2.08%, 0, 20, 2, 972.36
1481129376, 0, 1, 273, 273, 1, 2.09%, 0, 21, 2, 1282.12
1481129381, 0, 1, 275, 275, 1, 2.09%, 0, 21, 2, 1019.58
1481129386, 0, 1, 277, 277, 1, 2.09%, 0, 21, 2, 1338.96
1481129392, 0, 1, 278, 278, 1, 2.10%, 0, 23, 2, 1107.98
1481129397, 0, 1, 278, 278, 1, 2.10%, 0, 25, 2, 1043.75
1481129402, 0, 1, 278, 278, 1, 2.10%, 0, 28, 2, 1287.59
1481129407, 0, 1, 279, 279, 1, 2.11%, 0, 28, 2, 1231.51
1481129412, 0, 1, 283, 283, 1, 2.11%, 0, 28, 2, 952.46
1481129417, 0, 1, 284, 284, 1, 2.12%, 0, 29, 2, 988.81
1481129428, 0, 1, 284, 284, 1, 2.12%, 0, 30, 2, 950.46
1481129443, 0, 1, 284, 284, 1, 2.12%, 0, 31, 2, 84.38
1481129448, 0, 1, 284, 284, 1, 2.12%, 0, 32, 2, 1077.25
1481129453, 0, 1, 284, 284, 1, 2.12%, 0, 33, 2, 914.91
1481129458, 0, 1, 284, 284, 1, 2.12%, 0, 35, 2, 93.75
1481129463, 0, 1, 284, 284, 1, 2.12%, 0, 36, 2, 770.93
1481129474, 0, 1, 284, 284, 1, 2.12%, 0, 37, 2, 702.47
1481129484, 0, 1, 284, 284, 1, 2.12%, 0, 39, 2, 133.33
1481129499, 0, 1, 286, 286, 1, 2.12%, 0, 40, 2, 76.56
1481129504, 0, 1, 286, 286, 1, 2.12%, 0, 41, 2, 159.79
1481129509, 0, 1, 286, 286, 1, 2.12%, 0, 42, 2, 1289.06
1481129515, 0, 1, 288, 288, 1, 2.13%, 0, 43, 2, 888.98
1481129520, 0, 1, 288, 288, 1, 2.13%, 0, 44, 2, 1475.00
1481129535, 0, 1, 289, 289, 1, 2.13%, 0, 44, 2, 975.03
1481129540, 0, 1, 295, 295, 1, 2.13%, 0, 46, 2, 235.73
1481129545, 0, 1, 305, 305, 1, 2.13%, 0, 47, 2, 890.29
1481129551, 0, 1, 309, 309, 1, 2.13%, 0, 47, 2, 920.12
1481129556, 0, 1, 312, 312, 1, 2.13%, 0, 48, 2, 1017.07
1481129561, 0, 1, 317, 317, 1, 2.13%, 0, 49, 2, 93.51
1481129566, 0, 1, 318, 318, 1, 2.13%, 0, 49, 2, 1058.49
1481129571, 0, 1, 320, 320, 1, 2.13%, 0, 49, 2, 1178.72
1481129576, 0, 1, 322, 322, 1, 2.14%, 0, 50, 2, 256.10
1481129581, 0, 2, 324, 323, 128, 2.17%, 0, 50, 2, 1036.17
1481129586, 0, 2, 328, 327, 128, 2.19%, 0, 53, 3, 1026.09
1481129591, 0, 2, 332, 331, 128, 2.24%, 0, 54, 3, 985.78
1481129597, 0, 2, 334, 333, 128, 2.24%, 0, 54, 3, 840.64
1481129602, 0, 2, 337, 336, 128, 2.30%, 0, 54, 3, 1249.32
1481129607, 0, 2, 338, 337, 128, 2.30%, 0, 54, 3, 741.40
1481129612, 0, 2, 339, 338, 128, 2.30%, 0, 55, 3, 578.15
1481129617, 0, 2, 340, 339, 128, 2.31%, 0, 55, 3, 660.13
1481129622, 0, 3, 340, 338, 140, 2.31%, 0, 55, 3, 215.51
1481129627, 0, 4, 340, 337, 139, 2.31%, 0, 55, 3, 1191.99
1481129632, 0, 4, 340, 337, 139, 2.31%, 0, 56, 3, 1020.65
1481129637, 0, 5, 340, 336, 138, 2.31%, 0, 56, 3, 1101.91
1481129648, 0, 7, 340, 335, 137, 2.31%, 0, 57, 3, 737.58
1481129653, 0, 8, 340, 334, 136, 2.31%, 0, 59, 3, 1169.58
1481129663, 0, 9, 340, 333, 135, 2.31%, 0, 59, 3, 1883.55
1481129668, 0, 9, 340, 333, 135, 2.31%, 0, 60, 3, 834.06
1481129730, 0, 9, 340, 333, 135, 2.31%, 0, 62, 3, 1068.22
1481129796, 0, 9, 340, 333, 135, 2.31%, 0, 63, 3, 1281.44
1481129857, 0, 9, 340, 333, 135, 2.31%, 0, 64, 3, 654.86
1481129898, 0, 9, 340, 333, 135, 2.31%, 0, 65, 3, 636.63
1481129950, 0, 9, 340, 333, 135, 2.31%, 0, 66, 3, 1311.54
1481129960, 0, 9, 340, 333, 135, 2.31%, 0, 68, 3, 84.07
1481130011, 0, 9, 340, 333, 135, 2.31%, 0, 69, 3, 166.84
1481130021, 0, 9, 340, 333, 135, 2.31%, 0, 70, 3, 839.01
1481130103, 0, 9, 340, 333, 135, 2.31%, 0, 73, 3, 524.27
1481130108, 0, 9, 340, 333, 135, 2.31%, 0, 75, 3, 499.15
1481130118, 0, 9, 340, 333, 135, 2.31%, 0, 76, 3, 884.06
1481130123, 0, 9, 340, 333, 135, 2.31%, 0, 77, 3, 944.08
1481130220, 0, 9, 340, 333, 135, 2.31%, 0, 78, 3, 1322.19
1481130311, 0, 9, 340, 333, 135, 2.31%, 0, 80, 3, 455.50
1481130352, 0, 9, 340, 333, 135, 2.31%, 0, 81, 3, 1018.42
1481130362, 0, 10, 340, 332, 134, 2.31%, 0, 81, 3, 385.83
1481130449, 0, 10, 345, 337, 134, 2.37%, 0, 81, 3, 588.41
1481130455, 0, 10, 346, 338, 134, 2.37%, 0, 81, 3, 96.64
1481130552, 0, 10, 347, 339, 134, 2.37%, 0, 81, 3, 672.49
1481130653, 0, 10, 348, 340, 134, 2.37%, 0, 81, 3, 962.00
1481130745, 0, 10, 348, 340, 134, 2.37%, 0, 82, 3, 1030.07
1481130883, 0, 10, 348, 340, 134, 2.37%, 0, 83, 3, 1254.05
1481130960, 0, 10, 348, 340, 134, 2.37%, 0, 84, 3, 841.81
1481131067, 0, 10, 348, 340, 134, 2.37%, 0, 85, 3, 1284.57
1481131088, 0, 11, 348, 339, 137, 2.37%, 0, 85, 3, 1548.44
1481131093, 0, 11, 349, 340, 137, 2.37%, 0, 87, 3, 1363.30
1481131164, 0, 11, 350, 341, 137, 2.37%, 0, 87, 3, 1028.65
1481131403, 0, 11, 350, 341, 137, 2.37%, 0, 88, 3, 886.87
1481131409, 0, 11, 350, 341, 137, 2.37%, 0, 89, 3, 993.78
1481131568, 0, 11, 350, 341, 137, 2.37%, 0, 90, 3, 656.59
1481131578, 0, 11, 350, 341, 137, 2.37%, 0, 91, 3, 742.94
1481131644, 0, 11, 350, 341, 137, 2.37%, 0, 92, 3, 1072.20
1481131670, 0, 11, 350, 341, 137, 2.37%, 0, 93, 3, 408.15
1481131706, 0, 12, 355, 345, 137, 2.38%, 0, 93, 3, 1213.19
1481131783, 0, 12, 358, 348, 137, 2.38%, 0, 94, 3, 33.91
1481131788, 0, 12, 368, 358, 137, 2.38%, 0, 94, 3, 885.19
1481131793, 0, 12, 372, 362, 137, 2.38%, 0, 94, 3, 231.70
1481131803, 0, 12, 373, 363, 137, 2.38%, 0, 94, 3, 815.47
1481131813, 0, 12, 373, 363, 137, 2.38%, 0, 95, 3, 594.76
1481131894, 0, 12, 374, 364, 137, 2.38%, 0, 95, 3, 767.09
1481132012, 0, 12, 376, 366, 137, 2.39%, 0, 95, 3, 1036.45
1481132135, 0, 12, 376, 366, 137, 2.39%, 0, 97, 3, 1294.81
1481132217, 0, 12, 376, 366, 137, 2.39%, 0, 98, 3, 245.51
1481132253, 0, 12, 376, 366, 137, 2.39%, 0, 99, 3, 596.19
1481132324, 0, 12, 377, 367, 137, 2.39%, 0, 99, 3, 414.16
1481132489, 0, 15, 377, 366, 139, 2.39%, 0, 99, 3, 1752.79
1481132822, 0, 15, 377, 366, 139, 2.39%, 0, 100, 3, 1397.10
1481132919, 0, 16, 378, 366, 138, 2.39%, 0, 100, 3, 1045.72
1481133409, 0, 19, 379, 366, 137, 2.39%, 0, 100, 3, 1087.26
1481133419, 0, 20, 379, 365, 137, 2.39%, 0, 100, 3, 1252.28
1481133430, 0, 27, 380, 365, 136, 2.40%, 0, 101, 3, 1168.75
1481133435, 0, 27, 380, 365, 136, 2.40%, 0, 102, 3, 995.43
1481133577, 0, 27, 381, 366, 136, 2.40%, 0, 102, 3, 1120.47
1481133685, 0, 27, 382, 367, 136, 2.40%, 0, 102, 3, 1152.08
1481134017, 0, 28, 383, 367, 137, 2.40%, 0, 103, 3, 232.76
1481134084, 0, 28, 386, 370, 137, 2.42%, 0, 103, 3, 646.52
1481134089, 0, 28, 388, 372, 137, 2.42%, 0, 104, 3, 307.17
1481134104, 0, 28, 389, 373, 137, 2.42%, 0, 104, 3, 1223.75
1481134181, 0, 28, 391, 375, 137, 2.43%, 0, 104, 3, 1187.89
1481134309, 0, 28, 392, 376, 137, 2.44%, 0, 104, 3, 991.25
1481134559, 0, 28, 392, 376, 137, 2.44%, 0, 105, 3, 1039.37
1481134564, 0, 28, 393, 377, 137, 2.44%, 0, 105, 3, 1192.99
1481134631, 0, 28, 393, 377, 137, 2.44%, 0, 106, 3, 554.78
1481134656, 0, 28, 393, 377, 137, 2.44%, 0, 107, 3, 455.39
1481134697, 0, 28, 395, 379, 137, 2.44%, 0, 107, 3, 1105.30
1481134702, 0, 30, 395, 378, 141, 2.44%, 0, 107, 3, 1058.02
1481134707, 0, 30, 395, 378, 141, 2.44%, 0, 108, 3, 1022.50
1481134752, 0, 30, 398, 381, 141, 2.44%, 0, 108, 3, 1222.97
1481134773, 0, 30, 401, 384, 141, 2.45%, 0, 108, 3, 906.12
1481134824, 0, 30, 403, 386, 141, 2.45%, 0, 108, 3, 987.06
1481134997, 0, 30, 405, 388, 141, 2.45%, 0, 108, 3, 1302.93
1481135023, 0, 30, 407, 390, 141, 2.45%, 0, 108, 3, 210.73
1481135053, 0, 30, 408, 391, 141, 2.45%, 0, 108, 3, 1046.20
1481135288, 0, 31, 408, 390, 141, 2.45%, 0, 108, 3, 1245.60
1481135660, 0, 31, 408, 390, 141, 2.45%, 0, 109, 3, 1245.71
1481135696, 0, 32, 408, 389, 140, 2.45%, 0, 109, 3, 1420.43
1481136067, 0, 34, 408, 388, 139, 2.45%, 0, 109, 3, 1199.53
1481136175, 0, 34, 408, 388, 139, 2.45%, 0, 110, 3, 421.24
1481137172, 0, 43, 408, 387, 138, 2.45%, 0, 110, 3, 1664.20
1481138534, 0, 43, 408, 387, 138, 2.45%, 0, 111, 3, 701.99
1481138640, 0, 45, 408, 386, 138, 2.45%, 0, 111, 3, 590.02
1481138794, 0, 45, 408, 386, 138, 2.45%, 0, 112, 3, 34.69
1481139874, 0, 45, 408, 386, 138, 2.45%, 0, 113, 3, 270.56
1481139935, 0, 46, 408, 385, 137, 2.45%, 0, 113, 3, 456.90
1481139941, 0, 46, 408, 385, 137, 2.45%, 0, 114, 3, 71.43
1481140037, 0, 46, 409, 386, 137, 2.45%, 0, 114, 3, 706.44
1481140769, 0, 46, 409, 386, 137, 2.45%, 0, 115, 3, 77.59
1481140846, 0, 46, 409, 386, 137, 2.45%, 0, 116, 3, 298.31
1481140979, 0, 47, 409, 385, 136, 2.45%, 0, 116, 3, 296.84
1481140989, 0, 47, 410, 386, 136, 2.45%, 0, 116, 3, 615.64
1481141878, 0, 47, 413, 389, 136, 2.45%, 0, 116, 3, 1303.56
1481141883, 0, 48, 413, 388, 134, 2.45%, 0, 116, 3, 1521.19
1481142381, 0, 49, 413, 387, 133, 2.45%, 0, 116, 3, 1107.17
1481142432, 0, 49, 414, 388, 133, 2.45%, 0, 116, 3, 1147.49
